255,7902,1315697,3678068,973663,1318357,3654131,1093639,8461,1410019,2326982,1164912,1410538,2189629,1170849
254,8501,1414424,3664688,987429,1419356,3647767,1092218,8363,1398153,2284739,1175190,1389827,2199866,1197205
253,7992,1333355,3681685,964789,1330647,3662349,1094132,8174,1361633,2304941,1207255,1363110,2233940,1214852
252,7905,1315601,3685808,971241,1319704,3660564,1088247,8550,1418341,2261861,1203730,1431693,2189670,1165871
251,8383,1390980,3671504,927176,1403459,3646133,1071296,8420,1404367,2291487,1176618,1402610,2221822,1190396
250,8040,1344762,3671917,953441,1335314,3672027,1088977,8322,1386064,2339901,1209135,1388056,2209077,1222832
249,9149,1526377,3676829,958611,1523526,3637748,1088083,8462,1405291,2318917,1166355,1415531,2209327,1206396
248,8056,1342529,3670524,936396,1342944,3653102,1085123,8098,1345074,2301265,1190995,1354434,2265892,1180916
247,7928,1320661,3687296,970438,1322324,3678535,1086500,8385,1403164,2351216,1174737,1392166,2291891,1183620
246,8614,1432296,3675947,973340,1439066,3646618,1089170,8457,1409107,2308712,1188550,1409909,2270632,1200017
245,8199,1365056,3696184,974857,1368233,3662860,1101216,8196,1361930,2275687,1183418,1370124,2196703,1207832
244,7886,1313142,3683529,945685,1315541,3677020,1103368,8122,1354965,2297235,1196175,1352448,2221533,1203499
243,8592,1421563,3660471,984096,1442575,3655318,1099485,8404,1402252,2282402,1215402,1399374,2243037,1220906
242,8147,1360437,3669786,971114,1355309,3652921,1094268,8049,1343755,2247243,1204890,1339487,2218321,1199465
241,7862,1312280,3691597,969686,1308512,3682526,1097533,8035,1340459,2232942,1201896,1337943,2194000,1175519
240,8472,1406777,3659581,982854,1417258,3644044,1093236,8254,1376211,2322342,1190660,1375438,2252454,1200495
239,8052,1341834,3680981,970241,1342204,3645155,1097708,8065,1345818,2285255,1195034,1342821,2273879,1179276
238,8783,1607120,3686662,991227,1320637,3669703,1097942,8835,1475049,2260576,1199189,1470226,2187899,1172477
237,8149,1361623,3637736,933437,1354820,3620531,1076505,8006,1340869,2321626,1195712,1328114,2269473,1174807
236,7949,1327835,3682354,963027,1321982,3644011,1093391,8420,1404226,2225086,1195114,1402653,2181932,1190990
235,8573,1425336,3669366,972854,1432442,3654073,1097874,8511,1420335,2297951,1200469,1416671,2190222,1205733
234,8166,1358730,3649491,941901,1363562,3599428,1094323,8149,1361837,2312284,1183907,1354776,2260949,1195558
233,7847,1307713,3656143,980000,1309806,3632367,1094230,8027,1339133,2211253,1194980,1336705,2151885,1197593
232,8410,1401427,3659025,958136,1402062,3658232,1092977,8210,1368063,2328456,1205052,1368931,2296263,1198164
231,7943,1320590,3636868,955357,1327271,3614077,1103933,8258,1374297,2298547,1173449,1378672,2223347,1200378
230,9220,1528118,3688936,965430,1545237,3682139,1094127,8495,1415558,2280080,1179521,1416226,2217405,1178421
229,8114,1352302,3670313,950612,1352588,3634756,1089748,8060,1344758,2292333,1191813,1341930,2217773,1194131
228,7973,1323814,3655661,985649,1334171,3623122,1095485,8273,1378852,2248623,1179959,1378887,2169277,1192551
227,8898,1476455,3688039,991712,1489871,3656090,1094781,8437,1406033,2287809,1204263,1406590,2246588,1195468
226,8115,1351128,3690140,974767,1354020,3673083,1090087,8271,1377832,2387155,1191168,1379423,2313510,1197239
225,8030,1334423,3688885,969940,1342520,3673123,1100531,8450,1403886,2274130,1207287,1412861,2185292,1203519
224,9283,1537233,3738277,989303,1557317,3704047,1105242,8431,1409232,2222795,1200764,1401106,2165674,1198444
223,8320,1389109,3740158,1003556,1384261,3725256,1101247,8371,1393485,2208621,1219273,1397176,2171795,1212186
222,8275,1382771,3743757,997545,1375780,3716569,1116872,8166,1355059,2280834,1188048,1367119,2231763,1199164
221,8074,1346345,3768742,1003648,1345224,3760114,1108107,8754,1455195,2318204,1216604,1463000,2231127,1166654
220,9406,1557352,3776992,1001637,1578086,3766344,1122167,8255,1376235,2266948,1194554,1375728,2215618,1200519
219,8751,1458809,3796447,1007791,1458256,3756412,1122843,8555,1425643,2339298,1206218,1426174,2202835,1201178
218,8385,1391000,3816774,1019610,1404129,3794502,1128363,8284,1380776,2367592,1184548,1380832,2288176,1194266
217,8511,1419411,3822291,1027753,1417908,3798285,1135584,8924,1483888,2267785,1209509,1490897,2276764,1200047
216,8390,1397663,3819425,1040380,1399109,3800185,1130416,8721,1456233,2384054,1199975,1450918,2364328,1201452
215,8400,1393742,3898919,1039244,1406464,3891920,1149850,8451,1409177,2393051,1257423,1408060,2321606,1224051
214,8357,1391181,3919019,1052472,1394717,3915683,1159125,8638,1438710,2342461,1259140,1440940,2290846,1230988
213,8437,1408544,3932763,1046553,1403869,3901677,1147258,8720,1453975,2278484,1245937,1452873,2243731,1264807
212,8506,1419454,3986186,1063832,1416056,3942648,1154305,8640,1441789,2380173,1250541,1438315,2325277,1243749
211,8687,1451627,4001652,1062704,1444106,3987358,1183346,8652,1438516,2398228,1233371,1445755,2348804,1247654
210,8658,1445756,3984929,1065158,1440566,3943194,1196926,8812,1464865,2373332,1280114,1472518,2261225,1250982
209,8847,1468916,4013925,1074432,1480138,3973238,1180050,8772,1463822,2517888,1205185,1460398,2439775,1235535
208,9283,1539902,4060991,1085243,1554618,4039660,1192031,8592,1430891,2453639,1267958,1433362,2405945,1266318
207,10186,1687114,4062659,1092587,1708315,4025625,1199895,9000,1492786,2435043,1258633,1507255,2397015,1260685
206,8942,1490829,4109646,1102338,1490096,4065774,1241825,8981,1497833,2418990,1244756,1496145,2390264,1268030
205,9128,1521212,4144845,1108870,1521755,4102101,1252041,9389,1563540,2399031,1277281,1566455,2345066,1239445
204,9982,1658517,4157558,1117025,1669053,4115954,1232772,9080,1512868,2414073,1264497,1514004,2344178,1265727
203,9233,1540304,4163142,1126242,1537659,4126361,1257729,9206,1533344,2367281,1307506,1535627,2317430,1292178
202,9705,1608570,4180469,1130294,1626506,4156391,1278574,9145,1525224,2420477,1291787,1523202,2382063,1291098
201,9185,1532333,4235504,1135054,1529503,4142765,1257920,9647,1606929,2461954,1307894,1608809,2370325,1299004
200,9720,1611634,4287218,1137212,1628376,4226107,1249211,9117,1518739,2408497,1301961,1520453,2368919,1288106
199,9393,1565698,4332194,1148812,1565526,4262676,1329565,9622,1605384,2486269,1313479,1602051,2428080,1311897
198,10214,1699711,4356299,1157983,1705096,4290013,1279171,9562,1598653,2471504,1299413,1588939,2457585,1301256
197,9604,1601445,4361471,1173712,1599891,4288248,1314441,9669,1619881,2522581,1366655,1603176,2492967,1351703
196,9483,1583019,4403492,1185588,1578085,4348022,1334255,9465,1579788,2532395,1339775,1575242,2518531,1335627
195,10713,1778076,4457079,1190786,1793241,4411598,1317769,10133,1682353,2574875,1447165,1695499,2541896,1430630
194,10169,1698558,4478465,1212529,1691316,4438517,1360514,9553,1587302,2526995,1329445,1597316,2469117,1333694
193,10077,1676796,4511290,1239517,1682448,4483391,1350259,10192,1703091,2593129,1423609,1694537,2563581,1425764
192,10045,1676427,4601471,1237023,1671997,4523017,1383311,10427,1739367,2627663,1445692,1736327,2583002,1485741
191,10148,1690519,4683800,1227892,1692165,4543193,1392219,9811,1640729,2571797,1374502,1629769,2535411,1393468
190,10286,1712979,4676092,1244045,1715743,4624259,1427704,10116,1681749,2637933,1464452,1690254,2614836,1483790
189,10412,1736147,4715640,1268284,1734547,4661643,1441164,10304,1718021,2601871,1516318,1716681,2595884,1479163
188,10666,1776189,4795530,1279069,1779448,4728349,1445769,10301,1721270,2718020,1458936,1712516,2688893,1477089
187,11259,1880716,4902127,1293467,1872363,4822224,1464640,10642,1773285,2942395,1511491,1774258,2875400,1509044
186,11773,2152472,4943169,1321665,1771954,4843885,1494600,10706,1785247,2776587,1552543,1783427,2772375,1579836
185,10979,1828153,4956352,1329704,1831723,4935285,1509826,10791,1800664,2804202,1517485,1796493,2756175,1522684
184,11435,1914962,5050266,1361370,1896893,4985270,1523910,10911,1813067,2792487,1570293,1824074,2796590,1547667
183,10999,1835390,5109962,1384317,1830983,5077988,1551241,10502,1746863,2855915,1535194,1753955,2868983,1529908
182,11489,1907841,5154560,1365920,1922107,5083527,1577353,10966,1831838,2892988,1541528,1823687,2891257,1546252
181,11312,1889110,5256459,1435339,1881560,5191507,1612604,11658,1935916,2885322,1564992,1950222,2836889,1575253
180,12394,2064487,5317739,1424883,2067141,5263969,1608999,11341,1886196,2825577,1579745,1894460,2834282,1584790
179,11854,1978448,5335662,1459025,1972999,5296931,1636488,11132,1858953,3026664,1595645,1851986,2974098,1577196
178,11843,1971850,5475559,1486909,1975931,5408751,1649788,11914,1985087,2980828,1654738,1986434,2994934,1633517
177,14006,2323351,5571570,1502218,2345385,5486874,1671190,11377,1892871,2884378,1641105,1899624,2850244,1570671
176,13366,2223592,5660696,1543818,2231755,5597049,1721347,11569,1931465,3010171,1647033,1925078,2975194,1622200
175,13300,2214018,5776591,1541524,2219548,5725538,1738446,11633,1934877,2994604,1648039,1943072,2963982,1627994
174,13515,2250016,5802312,1579351,2255234,5725494,1763188,11813,1960917,3135038,1647366,1977072,3053097,1687214
173,13960,2328708,5884352,1600427,2324858,5853662,1800447,11629,1935707,3000849,1635582,1940809,3003214,1636152
172,14539,2414021,5985475,1646866,2432377,5936656,1800211,12381,2062456,3206401,1745027,2064219,3178269,1717933
171,13122,2182316,6114747,1643490,2191950,6067650,1854644,11748,1954893,3213491,1626055,1961222,3162818,1692373
170,13472,2243902,6164441,1679910,2246914,6124122,1860766,11859,1975368,3184112,1637582,1977855,3131646,1641374
169,13916,2320668,6206135,1663368,2318300,6194902,1882248,12157,2028558,3178718,1682608,2023784,3141409,1709447
168,14986,2503800,6358203,1743103,2491615,6275847,1934870,12378,2054773,3163042,1644248,2071498,3124267,1688539
167,13930,2315587,6467072,1777716,2327840,6389352,1955215,11914,1981436,3076084,1722678,1990113,3062081,1682178
166,14405,2396912,6594620,1775253,2405066,6534054,1970415,12414,2071964,3304950,1804378,2066124,3219493,1787642
165,14337,2385704,6608484,1818339,2393438,6541564,2023831,12401,2070590,3262794,1822621,2063312,3199635,1817233
164,14867,2475946,6841950,1858083,2479954,6798736,2048388,12133,2027296,3245429,1777175,2017113,3189215,1753214
163,14646,2446617,6877326,1873109,2435387,6812928,2075878,13109,2183603,3271671,1773892,2186372,3226176,1715145
162,15738,2605733,6909274,1883079,2640457,6874948,2104014,12254,2042485,3288042,1780832,2042332,3232876,1772042
161,15243,2550547,7092391,1913697,2530671,7054891,2125928,12629,2099652,3242609,1713824,2110314,3216123,1816420
160,15301,2542122,7238107,1936316,2558245,7151903,2159950,12304,2050778,3180536,1703031,2050593,3163711,1819074
159,16978,2836047,7209540,1960795,2823595,7135612,2170249,12455,2077612,3377379,1860352,2074358,3308260,1878687
158,16012,2666630,7364668,1989725,2671023,7328034,2218380,13271,2205995,3407596,1856179,2217848,3317487,1879229
157,15922,2653138,7451318,2014973,2654510,7388828,2240578,13052,2176048,3494303,1860065,2174635,3505651,1839270
156,16187,2704146,7511863,1993509,2691767,7403233,2294581,12601,2099262,3343709,1851251,2101247,3313431,1771499
155,16225,2708637,7727342,2095373,2699877,7649972,2281700,12766,2127480,3350751,1803858,2128084,3321774,1805880
154,18370,3370278,7799837,2094005,2753098,7530867,2329265,12926,2155187,3504584,1887795,2153487,3380592,1886253
153,19648,3258254,7949289,2153451,3291238,7876040,2375258,13131,2189324,3507792,1889075,2187779,3425153,1823262
152,19811,3284711,7984972,2138332,3319218,7923475,2355393,12857,2143244,3456503,1820371,2142749,3414114,1855029
151,19151,3511336,8120924,2179718,2872648,7990677,2419264,13352,2232753,3423261,1947334,2218189,3376141,1949224
150,17143,2850875,8123606,2211936,2863580,8030778,2398157,13368,2226401,3502480,1985421,2229689,3442173,1939221
149,17320,2888776,8238698,2215548,2884798,8126289,2469726,12623,2103268,3538011,1869208,2104424,3452991,1864964
148,17737,2965055,8420110,2292461,2947569,8311682,2520614,13554,2257859,3581766,1957926,2260432,3513846,1925887
147,17977,3002027,8454595,2283604,2990609,8330469,2485998,13222,2202051,3623834,1903302,2205501,3574936,1914536
146,18557,3095464,8657208,2316966,3090409,8569515,2572931,13543,2252943,3590092,1963637,2261506,3513284,1947258
145,19956,3324057,8702639,2314905,3327946,8565588,2569373,13812,2295795,3397565,1901563,2308329,3327929,1877116
144,18347,3064190,8784769,2400768,3051680,8692407,2642636,13704,2282090,3472149,1886420,2286237,3431054,1886470
143,18918,3161664,9010124,2460591,3144634,8911151,2651628,13556,2257896,3590648,1948847,2260973,3531968,1960258
142,19119,3177809,8823068,2399838,3195486,8717218,2618155,13614,2267378,3572080,2033069,2270875,3515284,2007630
141,22696,3692700,9204083,2444796,3872917,9050424,2762937,14091,2345928,3631676,2058687,2351261,3606748,2049793
140,19593,3255455,9138158,2453982,3275756,8998802,2716088,13988,2330938,3763141,2018491,2332056,3660485,2008682
139,20884,3483245,9480669,2573771,3478412,9386490,2810272,14746,2456938,3723205,2071744,2458589,3682224,2014996
138,19759,3299400,9598086,2606862,3287055,9444866,2878451,14060,2342182,3837577,2046629,2344494,3810390,2012585
137,20961,3480235,9764423,2643597,3506794,9642048,2887685,14132,2362908,3793480,2033614,2347873,3746388,1981228
136,20303,3369897,9982878,2663945,3397994,9770449,2948229,14989,2483785,3807418,2181215,2512800,3778962,2140659
135,22209,3704939,10159245,2720055,3698353,10041557,3007690,14703,2447179,3852729,2172474,2453906,3807017,2137949
134,21323,3541701,10223979,2745479,3566062,10046679,3030914,14336,2392908,3822784,2003074,2385944,3740467,2000006
133,24021,4431507,10739290,2899291,3575530,10578187,3201188,14726,2456080,3885799,2107190,2452696,3869974,2134814
132,22173,3684070,10632608,2834510,3706953,10415957,3167141,14920,2496718,3943530,2059547,2476810,3819330,2087158
131,22401,3726684,11078257,2896039,3740321,10967951,3201233,14813,2468545,3776008,2198747,2469341,3740565,2200965
130,22319,3724294,11405413,3052795,3715593,11218126,3362494,14914,2485643,3907084,2108665,2485796,3852529,2099245
129,26740,4384660,11604964,3016792,4528914,11329916,3377225,15180,2533530,4015984,2131998,2526797,3943432,2137980
128,24966,4165059,11846749,3142974,4157058,11604325,3423586,15135,2512046,4099414,2149515,2533055,3984701,2138110
127,24244,4046777,12427974,3260775,4034836,12191239,3556525,15269,2550574,3961590,2213976,2539125,3899437,2248713
126,24495,4079895,12511033,3279284,4085239,12280287,3574173,16127,2674805,4068123,2309653,2701066,4006380,2300708
125,24689,4117214,12449616,3252126,4112762,12146819,3602505,15535,2598731,4154114,2227037,2579877,4043771,2191196
124,25291,4210028,13179007,3424570,4220328,12817195,3734453,15478,2579139,4022852,2312835,2580481,3924866,2298061
123,26078,4351245,13608767,3498557,4341701,13371803,3807403,16233,2705574,4218395,2333275,2705721,4129441,2187672
122,26882,4475962,14176300,3477318,4484919,13808964,3836865,15740,2625070,4161689,2307690,2621924,4091552,2296706
121,26998,4481368,15123286,3637927,4518298,14692847,3856206,15846,2638448,3992853,2341285,2643680,3885489,2336978
120,31986,5258682,15374596,3846963,5403547,15062391,4027324,16162,2693337,4272780,2324948,2694325,4200921,2317515
119,28924,4787322,15880442,3956433,4854154,15464815,4183232,17106,2855190,4352090,2358430,2846852,4288380,2357324
118,29111,4824854,16854286,4002513,4878962,16501386,4284397,17247,2864340,4314926,2323360,2884968,4207990,2436302
117,30933,5131128,18027176,4017454,5180137,17541644,4301550,17063,2852521,4397434,2387428,2835394,4324694,2370157
116,31341,5178654,18577475,4287091,5268384,18130812,4482951,17056,2840442,4333219,2480451,2845063,4214314,2452700
115,31051,5177402,18294869,4235809,5172998,17911158,4454076,17535,2919532,4460626,2533999,2925526,4416506,2563058
114,41359,6764896,20786593,4275800,7021739,20155622,4633792,17519,2920847,4425787,2474305,2919045,4370192,2442002
113,32875,5477812,21853613,4541958,5480625,21145230,4777738,17612,2933054,4508775,2553183,2937937,4405620,2528946
112,43795,7229403,21388155,4523308,7368959,20709789,4779367,17634,2940948,4572171,2608264,2937344,4515213,2527921
111,36114,6014495,24861973,4725365,6023560,24121957,4978086,17806,2962118,4499049,2616556,2973449,4366809,2633848
110,35413,5951746,26034289,4811835,5852673,25039403,5009791,18350,3066912,4670974,2666687,3050030,4588240,2684605
109,44219,7388110,27170464,4767502,7351617,26047072,4998844,17830,2978581,4560287,2696072,2964762,4503708,2656666
108,46680,7704642,49499610,5172796,7855607,46035668,5521646,19018,3150053,4775715,2708487,3189283,4705732,2679256
107,40737,6794342,34075467,5150884,6784850,32045476,5413218,19688,3275636,4853089,2618630,3287231,4824236,2574437
106,40272,6661473,37582292,5278271,6762674,35137408,5483726,18668,3111806,4872619,2763016,3110896,4851074,2742154
105,41253,6856638,50736063,5452752,6894448,46740569,5663629,19393,3223913,5032294,2774726,3240545,4962224,2830301
104,44850,7451422,73557947,5608230,7498774,65493644,5989737,19588,3256060,4914978,2637810,3273535,4836386,2644537
103,45196,7510770,51126645,5533117,7554763,46407878,5937422,19347,3226918,5200166,2806703,3222350,5142420,2772834
102,53411,8867763,86900309,5658192,8936010,77756459,6036337,19931,3317827,4987005,2780855,3326139,4850183,2715890
101,47711,8456247,21742982,6590313,7447599,16797220,6880586,21082,3510034,5242801,2849885,3517441,5137454,2833498
100,0,0,0,4294967295,0,0,4294967295,20072,3342073,5175542,2966933,3348901,5001657,2960349
99,0,0,0,4294967295,0,0,4294967295,21110,3521856,5440374,2997391,3514891,5383497,3009432
98,0,0,0,4294967295,0,0,4294967295,20605,3429592,5345637,3054519,3438924,5265335,3032510
97,0,0,0,4294967295,0,0,4294967295,21760,3626955,5452914,3057847,3626468,5356139,2932890
96,0,0,0,4294967295,0,0,4294967295,21430,3563608,5386731,3072969,3579878,5266898,3097974
95,0,0,0,4294967295,0,0,4294967295,22740,3771778,5685063,2841970,3808292,5578518,2803387
94,0,0,0,4294967295,0,0,4294967295,22147,3687304,5644745,3114100,3695285,5531655,3027306
93,0,0,0,4294967295,0,0,4294967295,22215,3692834,5775200,3102564,3712361,5704694,3020358
92,0,0,0,4294967295,0,0,4294967295,23337,3889738,5862157,3299651,3889417,5716953,3422660
91,0,0,0,4294967295,0,0,4294967295,23394,3907096,5940851,3134035,3891163,5849297,3035605
90,0,0,0,4294967295,0,0,4294967295,39418,6543435,10573316,3800138,6595913,10377342,3874912
89,0,0,0,4294967295,0,0,4294967295,69505,11710944,14005780,9867839,11457499,14140453,9587392
88,0,0,0,4294967295,0,0,4294967295,56362,10325269,28081590,12859414,8462176,24207296,13360679
87,0,0,0,4294967295,0,0,4294967295,0,0,0,4294967295,0,0,268435455
86,0,0,0,4294967295,0,0,4294967295,0,0,0,4294967295,0,0,268435455
85,0,0,0,4294967295,0,0,4294967295,0,0,0,4294967295,0,0,268435455
84,0,0,0,4294967295,0,0,4294967295,0,0,0,4294967295,0,0,268435455
83,0,0,0,4294967295,0,0,4294967295,0,0,0,4294967295,0,0,268435455
82,0,0,0,4294967295,0,0,4294967295,0,0,0,4294967295,0,0,268435455
81,0,0,0,4294967295,0,0,4294967295,0,0,0,4294967295,0,0,268435455
80,0,0,0,4294967295,0,0,4294967295,0,0,0,4294967295,0,0,268435455
79,0,0,0,4294967295,0,0,4294967295,0,0,0,4294967295,0,0,268435455
78,0,0,0,4294967295,0,0,4294967295,0,0,0,4294967295,0,0,268435455
77,0,0,0,4294967295,0,0,4294967295,0,0,0,4294967295,0,0,268435455
76,0,0,0,4294967295,0,0,4294967295,0,0,0,4294967295,0,0,268435455
75,0,0,0,4294967295,0,0,4294967295,0,0,0,4294967295,0,0,268435455
74,0,0,0,4294967295,0,0,4294967295,0,0,0,4294967295,0,0,268435455
73,0,0,0,4294967295,0,0,4294967295,0,0,0,4294967295,0,0,268435455
72,0,0,0,4294967295,0,0,4294967295,0,0,0,4294967295,0,0,268435455
71,0,0,0,4294967295,0,0,4294967295,0,0,0,4294967295,0,0,268435455
70,0,0,0,4294967295,0,0,4294967295,0,0,0,4294967295,0,0,268435455
69,0,0,0,4294967295,0,0,4294967295,0,0,0,4294967295,0,0,268435455
68,0,0,0,4294967295,0,0,4294967295,0,0,0,4294967295,0,0,268435455
67,0,0,0,4294967295,0,0,4294967295,0,0,0,4294967295,0,0,268435455
66,0,0,0,4294967295,0,0,4294967295,0,0,0,4294967295,0,0,268435455
65,0,0,0,4294967295,0,0,4294967295,0,0,0,4294967295,0,0,268435455
64,0,0,0,4294967295,0,0,4294967295,0,0,0,4294967295,0,0,268435455
63,0,0,0,4294967295,0,0,4294967295,0,0,0,4294967295,0,0,268435455
62,0,0,0,4294967295,0,0,4294967295,0,0,0,4294967295,0,0,268435455
61,0,0,0,4294967295,0,0,4294967295,0,0,0,4294967295,0,0,268435455
60,0,0,0,4294967295,0,0,4294967295,0,0,0,4294967295,0,0,268435455
59,0,0,0,4294967295,0,0,4294967295,0,0,0,4294967295,0,0,268435455
58,0,0,0,4294967295,0,0,4294967295,0,0,0,4294967295,0,0,268435455
57,0,0,0,4294967295,0,0,4294967295,0,0,0,4294967295,0,0,268435455
56,0,0,0,4294967295,0,0,4294967295,0,0,0,4294967295,0,0,268435455
55,0,0,0,4294967295,0,0,4294967295,0,0,0,4294967295,0,0,268435455
54,0,0,0,4294967295,0,0,4294967295,0,0,0,4294967295,0,0,268435455
53,0,0,0,4294967295,0,0,4294967295,0,0,0,4294967295,0,0,268435455
52,0,0,0,4294967295,0,0,4294967295,0,0,0,4294967295,0,0,268435455
51,0,0,0,4294967295,0,0,4294967295,0,0,0,4294967295,0,0,268435455
50,0,0,0,4294967295,0,0,4294967295,0,0,0,4294967295,0,0,268435455
49,0,0,0,4294967295,0,0,4294967295,0,0,0,4294967295,0,0,268435455
48,0,0,0,4294967295,0,0,4294967295,0,0,0,4294967295,0,0,268435455
47,0,0,0,4294967295,0,0,4294967295,0,0,0,4294967295,0,0,268435455
46,0,0,0,4294967295,0,0,4294967295,0,0,0,4294967295,0,0,268435455
45,0,0,0,4294967295,0,0,4294967295,0,0,0,4294967295,0,0,268435455
44,0,0,0,4294967295,0,0,4294967295,0,0,0,4294967295,0,0,268435455
43,0,0,0,4294967295,0,0,4294967295,0,0,0,4294967295,0,0,268435455
42,0,0,0,4294967295,0,0,4294967295,0,0,0,4294967295,0,0,268435455
41,0,0,0,4294967295,0,0,4294967295,0,0,0,4294967295,0,0,268435455
40,0,0,0,4294967295,0,0,4294967295,0,0,0,4294967295,0,0,268435455
39,0,0,0,4294967295,0,0,4294967295,0,0,0,4294967295,0,0,268435455
38,0,0,0,4294967295,0,0,4294967295,0,0,0,4294967295,0,0,268435455
37,0,0,0,4294967295,0,0,4294967295,0,0,0,4294967295,0,0,268435455
36,0,0,0,4294967295,0,0,4294967295,0,0,0,4294967295,0,0,268435455
35,0,0,0,4294967295,0,0,4294967295,0,0,0,4294967295,0,0,268435455
34,0,0,0,4294967295,0,0,4294967295,0,0,0,4294967295,0,0,268435455
33,0,0,0,4294967295,0,0,4294967295,0,0,0,4294967295,0,0,268435455
32,0,0,0,4294967295,0,0,4294967295,0,0,0,4294967295,0,0,268435455
31,0,0,0,4294967295,0,0,4294967295,0,0,0,4294967295,0,0,268435455
30,0,0,0,4294967295,0,0,4294967295,0,0,0,4294967295,0,0,268435455
29,0,0,0,4294967295,0,0,4294967295,0,0,0,4294967295,0,0,268435455
28,0,0,0,4294967295,0,0,4294967295,0,0,0,4294967295,0,0,268435455
27,0,0,0,4294967295,0,0,4294967295,0,0,0,4294967295,0,0,268435455
26,0,0,0,4294967295,0,0,4294967295,0,0,0,4294967295,0,0,268435455
25,0,0,0,4294967295,0,0,4294967295,0,0,0,4294967295,0,0,268435455
24,0,0,0,4294967295,0,0,4294967295,0,0,0,4294967295,0,0,268435455
23,0,0,0,4294967295,0,0,4294967295,0,0,0,4294967295,0,0,268435455
22,0,0,0,4294967295,0,0,4294967295,0,0,0,4294967295,0,0,268435455
21,0,0,0,4294967295,0,0,4294967295,0,0,0,4294967295,0,0,268435455
20,0,0,0,4294967295,0,0,4294967295,0,0,0,4294967295,0,0,268435455
19,0,0,0,4294967295,0,0,4294967295,0,0,0,4294967295,0,0,268435455
18,0,0,0,4294967295,0,0,4294967295,0,0,0,4294967295,0,0,268435455
17,0,0,0,4294967295,0,0,4294967295,0,0,0,4294967295,0,0,268435455
16,0,0,0,4294967295,0,0,4294967295,0,0,0,4294967295,0,0,268435455
15,0,0,0,4294967295,0,0,4294967295,0,0,0,4294967295,0,0,268435455
14,0,0,0,4294967295,0,0,4294967295,0,0,0,4294967295,0,0,268435455
13,0,0,0,4294967295,0,0,4294967295,0,0,0,4294967295,0,0,268435455
12,0,0,0,4294967295,0,0,4294967295,0,0,0,4294967295,0,0,268435455
11,0,0,0,4294967295,0,0,4294967295,0,0,0,4294967295,0,0,268435455
10,0,0,0,4294967295,0,0,4294967295,0,0,0,4294967295,0,0,268435455
9,0,0,0,4294967295,0,0,4294967295,0,0,0,4294967295,0,0,268435455
8,0,0,0,4294967295,0,0,4294967295,0,0,0,4294967295,0,0,268435455
7,0,0,0,4294967295,0,0,4294967295,0,0,0,4294967295,0,0,268435455
6,0,0,0,4294967295,0,0,4294967295,0,0,0,4294967295,0,0,268435455
5,0,0,0,4294967295,0,0,4294967295,0,0,0,4294967295,0,0,268435455
4,0,0,0,4294967295,0,0,4294967295,0,0,0,4294967295,0,0,268435455
3,0,0,0,4294967295,0,0,4294967295,0,0,0,4294967295,0,0,268435455
2,0,0,0,4294967295,0,0,4294967295,0,0,0,4294967295,0,0,268435455
1,0,0,0,4294967295,0,0,4294967295,0,0,0,4294967295,0,0,268435455
0,0,0,0,4294967295,0,0,4294967295,0,0,0,4294967295,0,0,268435455
1,0,0,0,4294967295,0,0,4294967295,0,0,0,4294967295,0,0,268435455
2,0,0,0,4294967295,0,0,4294967295,0,0,0,4294967295,0,0,268435455
3,0,0,0,4294967295,0,0,4294967295,0,0,0,4294967295,0,0,268435455
4,0,0,0,4294967295,0,0,4294967295,0,0,0,4294967295,0,0,268435455
5,0,0,0,4294967295,0,0,4294967295,0,0,0,4294967295,0,0,268435455
6,0,0,0,4294967295,0,0,4294967295,0,0,0,4294967295,0,0,268435455
7,0,0,0,4294967295,0,0,4294967295,0,0,0,4294967295,0,0,268435455
8,0,0,0,4294967295,0,0,4294967295,0,0,0,4294967295,0,0,268435455
9,0,0,0,4294967295,0,0,4294967295,0,0,0,4294967295,0,0,268435455
10,0,0,0,4294967295,0,0,4294967295,0,0,0,4294967295,0,0,268435455
11,0,0,0,4294967295,0,0,4294967295,0,0,0,4294967295,0,0,268435455
12,0,0,0,4294967295,0,0,4294967295,0,0,0,4294967295,0,0,268435455
13,0,0,0,4294967295,0,0,4294967295,0,0,0,4294967295,0,0,268435455
14,0,0,0,4294967295,0,0,4294967295,0,0,0,4294967295,0,0,268435455
15,0,0,0,4294967295,0,0,4294967295,0,0,0,4294967295,0,0,268435455
16,0,0,0,4294967295,0,0,4294967295,0,0,0,4294967295,0,0,268435455
17,0,0,0,4294967295,0,0,4294967295,0,0,0,4294967295,0,0,268435455
18,0,0,0,4294967295,0,0,4294967295,0,0,0,4294967295,0,0,268435455
19,0,0,0,4294967295,0,0,4294967295,0,0,0,4294967295,0,0,268435455
20,0,0,0,4294967295,0,0,4294967295,0,0,0,4294967295,0,0,268435455
21,0,0,0,4294967295,0,0,4294967295,0,0,0,4294967295,0,0,268435455
22,0,0,0,4294967295,0,0,4294967295,0,0,0,4294967295,0,0,268435455
23,0,0,0,4294967295,0,0,4294967295,0,0,0,4294967295,0,0,268435455
24,0,0,0,4294967295,0,0,4294967295,0,0,0,4294967295,0,0,268435455
25,0,0,0,4294967295,0,0,4294967295,0,0,0,4294967295,0,0,268435455
26,0,0,0,4294967295,0,0,4294967295,0,0,0,4294967295,0,0,268435455
27,0,0,0,4294967295,0,0,4294967295,0,0,0,4294967295,0,0,268435455
28,0,0,0,4294967295,0,0,4294967295,0,0,0,4294967295,0,0,268435455
29,0,0,0,4294967295,0,0,4294967295,0,0,0,4294967295,0,0,268435455
30,0,0,0,4294967295,0,0,4294967295,0,0,0,4294967295,0,0,268435455
31,0,0,0,4294967295,0,0,4294967295,0,0,0,4294967295,0,0,268435455
32,0,0,0,4294967295,0,0,4294967295,0,0,0,4294967295,0,0,268435455
33,0,0,0,4294967295,0,0,4294967295,0,0,0,4294967295,0,0,268435455
34,0,0,0,4294967295,0,0,4294967295,0,0,0,4294967295,0,0,268435455
35,0,0,0,4294967295,0,0,4294967295,0,0,0,4294967295,0,0,268435455
36,0,0,0,4294967295,0,0,4294967295,0,0,0,4294967295,0,0,268435455
37,0,0,0,4294967295,0,0,4294967295,0,0,0,4294967295,0,0,268435455
38,0,0,0,4294967295,0,0,4294967295,0,0,0,4294967295,0,0,268435455
39,0,0,0,4294967295,0,0,4294967295,0,0,0,4294967295,0,0,268435455
40,0,0,0,4294967295,0,0,4294967295,0,0,0,4294967295,0,0,268435455
41,0,0,0,4294967295,0,0,4294967295,0,0,0,4294967295,0,0,268435455
42,0,0,0,4294967295,0,0,4294967295,0,0,0,4294967295,0,0,268435455
43,0,0,0,4294967295,0,0,4294967295,0,0,0,4294967295,0,0,268435455
44,0,0,0,4294967295,0,0,4294967295,0,0,0,4294967295,0,0,268435455
45,0,0,0,4294967295,0,0,4294967295,0,0,0,4294967295,0,0,268435455
46,0,0,0,4294967295,0,0,4294967295,0,0,0,4294967295,0,0,268435455
47,0,0,0,4294967295,0,0,4294967295,0,0,0,4294967295,0,0,268435455
48,0,0,0,4294967295,0,0,4294967295,0,0,0,4294967295,0,0,268435455
49,0,0,0,4294967295,0,0,4294967295,0,0,0,4294967295,0,0,268435455
50,0,0,0,4294967295,0,0,4294967295,0,0,0,4294967295,0,0,268435455
51,0,0,0,4294967295,0,0,4294967295,0,0,0,4294967295,0,0,268435455
52,0,0,0,4294967295,0,0,4294967295,0,0,0,4294967295,0,0,268435455
53,0,0,0,4294967295,0,0,4294967295,0,0,0,4294967295,0,0,268435455
54,0,0,0,4294967295,0,0,4294967295,0,0,0,4294967295,0,0,268435455
55,0,0,0,4294967295,0,0,4294967295,0,0,0,4294967295,0,0,268435455
56,0,0,0,4294967295,0,0,4294967295,0,0,0,4294967295,0,0,268435455
57,0,0,0,4294967295,0,0,4294967295,0,0,0,4294967295,0,0,268435455
58,0,0,0,4294967295,0,0,4294967295,0,0,0,4294967295,0,0,268435455
59,0,0,0,4294967295,0,0,4294967295,0,0,0,4294967295,0,0,268435455
60,0,0,0,4294967295,0,0,4294967295,0,0,0,4294967295,0,0,268435455
61,0,0,0,4294967295,0,0,4294967295,0,0,0,4294967295,0,0,268435455
62,0,0,0,4294967295,0,0,4294967295,0,0,0,4294967295,0,0,268435455
63,0,0,0,4294967295,0,0,4294967295,0,0,0,4294967295,0,0,268435455
64,0,0,0,4294967295,0,0,4294967295,0,0,0,4294967295,0,0,268435455
65,0,0,0,4294967295,0,0,4294967295,0,0,0,4294967295,0,0,268435455
66,0,0,0,4294967295,0,0,4294967295,0,0,0,4294967295,0,0,268435455
67,0,0,0,4294967295,0,0,4294967295,0,0,0,4294967295,0,0,268435455
68,0,0,0,4294967295,0,0,4294967295,0,0,0,4294967295,0,0,268435455
69,0,0,0,4294967295,0,0,4294967295,0,0,0,4294967295,0,0,268435455
70,0,0,0,4294967295,0,0,4294967295,0,0,0,4294967295,0,0,268435455
71,0,0,0,4294967295,0,0,4294967295,0,0,0,4294967295,0,0,268435455
72,0,0,0,4294967295,0,0,4294967295,0,0,0,4294967295,0,0,268435455
73,0,0,0,4294967295,0,0,4294967295,0,0,0,4294967295,0,0,268435455
74,0,0,0,4294967295,0,0,4294967295,0,0,0,4294967295,0,0,268435455
75,0,0,0,4294967295,0,0,4294967295,0,0,0,4294967295,0,0,268435455
76,0,0,0,4294967295,0,0,4294967295,0,0,0,4294967295,0,0,268435455
77,0,0,0,4294967295,0,0,4294967295,0,0,0,4294967295,0,0,268435455
78,0,0,0,4294967295,0,0,4294967295,0,0,0,4294967295,0,0,268435455
79,0,0,0,4294967295,0,0,4294967295,0,0,0,4294967295,0,0,268435455
80,0,0,0,4294967295,0,0,4294967295,0,0,0,4294967295,0,0,268435455
81,0,0,0,4294967295,0,0,4294967295,0,0,0,4294967295,0,0,268435455
82,0,0,0,4294967295,0,0,4294967295,0,0,0,4294967295,0,0,268435455
83,0,0,0,4294967295,0,0,4294967295,0,0,0,4294967295,0,0,268435455
84,0,0,0,4294967295,0,0,4294967295,0,0,0,4294967295,0,0,268435455
85,0,0,0,4294967295,0,0,4294967295,0,0,0,4294967295,0,0,268435455
86,0,0,0,4294967295,0,0,4294967295,0,0,0,4294967295,0,0,268435455
87,0,0,0,4294967295,0,0,4294967295,0,0,0,4294967295,0,0,268435455
88,0,0,0,4294967295,0,0,4294967295,0,0,0,4294967295,0,0,268435455
89,0,0,0,4294967295,0,0,4294967295,0,0,0,4294967295,0,0,268435455
90,0,0,0,4294967295,0,0,4294967295,0,0,0,4294967295,0,0,268435455
91,0,0,0,4294967295,0,0,4294967295,0,0,0,4294967295,0,0,268435455
92,0,0,0,4294967295,0,0,4294967295,0,0,0,4294967295,0,0,268435455
93,0,0,0,4294967295,0,0,4294967295,0,0,0,4294967295,0,0,268435455
94,0,0,0,4294967295,0,0,4294967295,0,0,0,4294967295,0,0,268435455
95,0,0,0,4294967295,0,0,4294967295,0,0,0,4294967295,0,0,268435455
96,0,0,0,4294967295,0,0,4294967295,0,0,0,4294967295,0,0,268435455
97,0,0,0,4294967295,0,0,4294967295,0,0,0,4294967295,0,0,268435455
98,0,0,0,4294967295,0,0,4294967295,0,0,0,4294967295,0,0,268435455
99,0,0,0,4294967295,0,0,4294967295,0,0,0,4294967295,0,0,268435455
100,0,0,0,4294967295,0,0,4294967295,0,0,0,4294967295,0,0,268435455
101,0,0,0,4294967295,0,0,4294967295,0,0,0,4294967295,0,0,268435455
102,0,0,0,4294967295,0,0,4294967295,0,0,0,4294967295,0,0,268435455
103,0,0,0,4294967295,0,0,4294967295,0,0,0,4294967295,0,0,268435455
104,0,0,0,4294967295,0,0,4294967295,0,0,0,4294967295,0,0,268435455
105,0,0,0,4294967295,0,0,4294967295,0,0,0,4294967295,0,0,268435455
106,0,0,0,4294967295,0,0,4294967295,0,0,0,4294967295,0,0,268435455
107,0,0,0,4294967295,0,0,4294967295,0,0,0,4294967295,0,0,268435455
108,0,0,0,4294967295,0,0,4294967295,0,0,0,4294967295,0,0,268435455
109,0,0,0,4294967295,0,0,4294967295,0,0,0,4294967295,0,0,268435455
110,0,0,0,4294967295,0,0,4294967295,0,0,0,4294967295,0,0,268435455
111,0,0,0,4294967295,0,0,4294967295,0,0,0,4294967295,0,0,268435455
112,0,0,0,4294967295,0,0,4294967295,0,0,0,4294967295,0,0,268435455
113,0,0,0,4294967295,0,0,4294967295,0,0,0,4294967295,0,0,268435455
114,0,0,0,4294967295,0,0,4294967295,0,0,0,4294967295,0,0,268435455
115,0,0,0,4294967295,0,0,4294967295,0,0,0,4294967295,0,0,268435455
116,69569,12012458,1619217509,4464389,11177235,1600577085,4681763,0,0,0,4294967295,0,0,268435455
117,29231,4871916,16106821,3997816,4871779,15708030,4221864,0,0,0,4294967295,0,0,268435455
118,30259,5055901,15287032,3825893,5030670,15073301,4097309,0,0,0,4294967295,0,0,268435455
119,33364,5568142,14760671,3650220,5553322,14418532,3995784,4294638632,0,0,4294967295,-109554828,3418956407,268435455
120,27303,4526724,15021919,3779942,4574485,14670337,4081795,29041,4839793,7492477,3906094,4840847,7279194,3821259
121,26434,4420370,14555026,3765565,4390969,14303027,3947022,22890,3807393,6380329,3496830,3822765,6273350,3510746
122,25699,4258548,14072295,3600338,4308081,13802643,3830242,20641,3423504,5345375,3047827,3456866,5250544,3019924
123,25511,4249779,13206687,3474934,4254073,12969972,3801733,19100,3168797,5129974,2680156,3197882,5070027,2671770
124,24829,4134754,12784847,3340625,4141897,12532005,3670908,17644,2938444,4543927,2681906,2942967,4495168,2637683
125,24267,4043432,12469780,3261311,4045685,12339163,3616188,17362,2894722,4573889,2477065,2892709,4468564,2518720
126,24010,3996849,12199419,3168128,4006661,11933329,3566246,16697,2778200,4408455,2425470,2787609,4336326,2388577
127,23446,3891195,11854555,3153675,3924223,11623508,3458049,16638,2767024,4274995,2420491,2779082,4164333,2401985
128,26588,4407990,11888782,3054912,4454787,11737165,3397129,15824,2645521,4199703,2283579,2629474,4133437,2289694
129,22470,3741247,11044436,2840595,3749048,10799670,3203552,16177,2699346,4352048,2260024,2693117,4229855,2267785
130,22867,3788023,11590788,2952422,3834623,11368843,3320204,16392,2730041,4097331,2256450,2734030,4038878,2253646
131,22190,3684047,10904559,2933579,3712834,10808328,3193166,15268,2558389,4009295,2306376,2531226,3957174,2265061
132,22722,3779019,10776169,2765240,3795305,10596834,3102614,14988,2487130,4055751,2224401,2508976,3945063,2221769
133,21353,3576775,10580130,2801830,3541218,10435220,3139896,15140,2514613,4007912,2093025,2532349,3912939,2193155
134,24788,4108993,10398489,2715760,4153875,10306852,3051099,14797,2462432,3842829,2107123,2469919,3782160,2055057
135,21107,3524332,10089285,2632320,3511528,9917272,2991674,14773,2458280,3943488,2060520,2466249,3869445,2021399
136,20431,3397634,10120057,2684255,3412870,9933322,2998670,14640,2437335,4013400,2086154,2442964,3880323,2033538
137,20299,3386450,9794462,2624736,3380076,9643501,2921248,14974,2502959,3928201,2146821,2488524,3843843,2054985
138,23459,3892196,9640440,2601720,3927629,9518573,2853464,14606,2432931,3757087,2175139,2435779,3684703,2170225
139,19660,3270775,9668071,2612504,3282633,9510132,2883958,14248,2372915,3810881,2083458,2376527,3755855,2090936
140,21391,3552382,9439115,2556683,3578112,9387278,2734318,14268,2370216,3727788,2034892,2385828,3640937,2036712
141,19047,3173616,9340707,2497027,3175667,9191759,2785914,14535,2414502,3628389,2000650,2430633,3572043,2026540
142,18951,3156951,9195678,2425653,3160268,9039006,2647783,13668,2281786,3716121,2067580,2274440,3627755,2062132
143,20620,3426325,9060805,2399711,3447231,8910186,2665701,14276,2376472,3707251,2020215,2382306,3686678,1992050
144,18266,3039372,9100761,2354114,3049487,8972859,2661164,13917,2318887,3657516,2040912,2320302,3590033,2041153
145,18197,3036527,8769483,2351740,3029344,8600373,2589636,13620,2268157,3748098,1987528,2271859,3685760,1974370
146,18455,3076959,8693555,2355809,3074761,8554588,2570516,13778,2287750,3445541,1948992,2305043,3536123,1931907
147,18656,3096162,8683520,2322944,3122812,8529604,2560835,14294,2382066,3612824,2001825,2382827,3536535,1954921
148,19646,3239764,8466357,2270578,3309194,8404599,2496352,13373,2223467,3514716,1985761,2234481,3523445,1982641
149,20670,3428723,8476577,2306708,3461554,8333305,2575072,13040,2172231,3457195,1970164,2174448,3398477,1953949
150,17180,2857877,8085924,2213928,2869100,8003592,2463124,13237,2202832,3629315,1936085,2209832,3628273,1949791
151,17045,2835558,8161832,2244158,2846401,8066789,2469289,13187,2194275,3463279,1789889,2201507,3477312,1914408
152,16510,2746601,7971775,2145356,2756782,7897850,2392522,13286,2216831,3513272,1917843,2211958,3475615,1868901
153,19834,3230796,7806291,2143054,3380805,7739652,2339021,13279,2211768,3587967,1911619,2214862,3548288,1887383
154,19013,3119880,7927953,2142216,3217925,7846350,2400176,13139,2193117,3504564,1933254,2186696,3502732,1935759
155,17850,2967028,7710828,2099659,2983168,7610916,2259626,12718,2120691,3342204,1835910,2118899,3282008,1874087
156,16639,2780953,7727159,2076569,2765592,7598717,2319324,12704,2119467,3274587,1847015,2115332,3272582,1834652
157,16153,2695191,7465697,2006760,2689184,7397140,2263848,12701,2113513,3392455,1892284,2120442,3344206,1847879
158,15827,2625908,7385378,2048770,2649809,7312029,2271818,13394,2229125,3334307,1910383,2235570,3367834,1890680
159,17129,3141048,7248359,1959089,2568686,7147463,2216020,13139,2196104,3345643,1832283,2183814,3314017,1788933
160,15790,2638646,7200554,1973972,2624795,7139845,2188838,12354,2058249,3357590,1820058,2059778,3340018,1783996
161,15210,2541275,7097946,1922961,2528957,7021737,2138259,12616,2106379,3289297,1849250,2098980,3263470,1823275
162,16926,2778159,7039270,1893998,2864055,6985587,2133748,12207,2033538,3326328,1819836,2035704,3306135,1795913
163,14864,2475646,6901528,1869925,2479192,6795070,2105042,12249,2039201,3341868,1799106,2046059,3279870,1786727
164,17236,2806893,6822744,1843933,2938441,6675635,2100254,12921,2141522,3302344,1807485,2165529,3209306,1825872
165,14254,2367534,6698383,1824522,2383898,6606562,2021579,12247,2037773,3292380,1827889,2044820,3219612,1790068
166,15404,2559457,6639882,1818989,2575306,6549569,2002384,12209,2031863,3236207,1810069,2037829,3185753,1772495
167,13833,2304793,6478128,1770939,2306237,6355653,1961773,12949,2157449,3228193,1823165,2158885,3167960,1822034
168,13987,2335161,6373186,1721009,2327427,6342920,1939357,12110,2016473,3199749,1815433,2020274,3172532,1703778
169,14411,2402696,6314986,1730515,2401237,6243516,1924877,11759,1959066,3068504,1726451,1960671,3051418,1690531
170,15493,2565471,6240073,1673905,2598971,6206230,1890750,12345,2047281,3107596,1644663,2067729,3104249,1680349
171,13006,2169608,6088468,1674904,2165922,6069370,1871127,11679,1944030,3159480,1672770,1949172,3140914,1706687
172,12980,2155202,6001764,1641952,2171495,5929449,1831371,11573,1926282,3222526,1744744,1931463,3114634,1684217
173,12958,2159499,5975355,1611358,2159840,5909620,1822211,11763,1952594,3153961,1701207,1968508,3076418,1761812
174,12705,2113466,5857400,1588280,2121712,5785877,1776163,11496,1920299,3125358,1706331,1911726,3069540,1715849
175,12369,2060896,5775165,1583813,2062140,5692875,1765158,11555,1933947,3047330,1652504,1918021,3061243,1610867
176,12123,2026074,5672182,1548797,2014943,5605300,1741751,11258,1873228,2864922,1605124,1879599,2786347,1644176
177,13722,2250995,5600116,1529767,2323264,5543565,1706602,11581,1933424,3020518,1610526,1927143,2983897,1613310
178,12323,2042853,5548701,1517473,2064961,5505588,1707319,11766,1953278,2978375,1610757,1968746,2889444,1607094
179,11848,1971179,5453612,1497997,1978434,5389480,1696728,11128,1852894,2895426,1580723,1856756,2875201,1602144
180,12775,2336121,5426241,1463666,1922429,5364392,1646485,11194,1865640,2999069,1578797,1865900,2941847,1590400
181,11660,1941878,5352517,1454382,1945034,5239168,1648372,11391,1888195,2957133,1612186,1908960,2904964,1558575
182,11122,1856881,5215832,1426420,1850780,5138027,1576652,11614,1938437,2876805,1560446,1933195,2850886,1556480
183,11312,1882558,5151855,1420285,1888298,5063765,1568773,10749,1792004,2731559,1569489,1791148,2731506,1532775
184,12468,2044478,5081467,1392263,2111651,5061400,1566758,10676,1778055,2777311,1549202,1780870,2771867,1550294
185,10893,1821453,5020417,1351802,1809824,4924719,1523733,10524,1751821,2779689,1514784,1756509,2765923,1499034
186,11019,1837997,4944481,1329181,1835242,4886685,1503182,10266,1714467,2706382,1526594,1707592,2679820,1510483
187,11234,1861322,4863489,1302761,1883433,4821573,1496610,10224,1699035,2741165,1514317,1708978,2726640,1529116
188,11586,1933329,4834379,1283901,1928701,4753580,1480810,10283,1713003,2643833,1519397,1725069,2640291,1487945
189,11919,1973690,4763059,1286492,1999323,4683469,1451143,10517,1755330,2648182,1473963,1750537,2609713,1454901
190,11786,1954942,4721568,1261614,1973993,4650830,1440690,10523,1809513,2611098,1494085,1698402,2592196,1464950
191,11382,1867381,4653610,1252813,1926937,4612361,1425003,10081,1673430,2595398,1347581,1687224,2563053,1295622
192,10836,1802621,4567385,1251995,1809603,4591021,1405543,10163,1690199,2511114,1400976,1697687,2484202,1359209
193,10141,1680294,4514832,1219577,1700159,4484184,1373456,9763,1624970,2560428,1353966,1629506,2512692,1334285
194,9907,1652974,4503175,1216511,1649441,4411246,1371477,10024,1669903,2524636,1333905,1671685,2493426,1324363
195,9589,1600269,4446545,1206481,1596330,4366297,1359838,9799,1630101,2566582,1316159,1636339,2512201,1325392
196,10680,1774986,4408746,1179171,1785249,4349145,1334669,9736,1673183,2485429,1342040,1572232,2466945,1436862
197,9587,1597108,4354576,1188668,1598790,4298508,1322718,9325,1550349,2484666,1337286,1558245,2435279,1343177
198,9329,1549372,4362287,1169522,1560602,4275295,1331843,9738,1621339,2422692,1399282,1624912,2363230,1395492
199,9689,1621067,4331881,1158994,1608924,4248461,1334160,9163,1525866,2424714,1264247,1528615,2369035,1271779
200,9223,1539864,4294338,1142377,1534634,4194231,1258581,9722,1623828,2633677,1311900,1617157,2588659,1294089
201,9533,1595055,4275107,1140185,1582791,4190252,1260776,9122,1521079,2475125,1298167,1519595,2460030,1299564
202,8998,1501453,4178496,1132411,1498001,4138446,1320783,9223,1536900,2515063,1350397,1537653,2448386,1297343
203,9278,1538790,4178391,1128550,1554030,4114394,1242652,9249,1538581,2394424,1265667,1544485,2347690,1286561
204,9723,1622022,4154595,1124940,1619250,4093391,1256124,9491,1579633,2560167,1296430,1584146,2517437,1294394
205,8832,1473934,4111647,1112501,1470201,4050362,1234172,8804,1460182,2344712,1279231,1474809,2299424,1273081
206,9049,1506791,4111384,1116620,1509844,4031078,1248496,8890,1484622,2304050,1277971,1478880,2273638,1263247
207,9336,1558948,4064523,1103520,1553123,4021353,1240178,8732,1458968,2369282,1246975,1451961,2254823,1247006
208,9866,1618346,4056202,1108129,1670584,4015266,1234306,9166,1525600,2440152,1261538,1530004,2379212,1270795
209,8620,1435603,4023240,1096771,1437948,3990636,1230419,8907,1485772,2439958,1226926,1483250,2425415,1211322
210,8635,1431940,4019355,1091925,1446475,3971733,1229428,8799,1467150,2392686,1221492,1466058,2319382,1242155
211,8682,1441191,3970244,1084819,1453125,3923533,1197433,8672,1446756,2417028,1269890,1444003,2354115,1259205
212,8576,1430784,3994097,1086606,1428103,3943231,1184293,8571,1436285,2424249,1246678,1420973,2275986,1258360
213,8568,1431378,3921645,1068642,1424801,3873481,1170569,8641,1443005,2406200,1240483,1437613,2323072,1224478
214,8478,1413718,3907929,1075838,1412413,3880150,1178705,8621,1429490,2228133,1215514,1444229,2231049,1229059
215,8402,1402142,3903704,1058727,1398671,3868819,1201501,8593,1431197,2397194,1247010,1433282,2344438,1209454
216,8370,1392443,3921484,1043676,1397708,3891310,1183535,8616,1440849,2363595,1205672,1431337,2283537,1223740
217,8453,1409275,3848934,1056116,1408489,3799553,1173687,9017,1498878,2301723,1202263,1506861,2279261,1206127
218,8204,1368908,3860483,1012948,1365793,3818008,1168153,8483,1420602,2255881,1212428,1407289,2247598,1207626
219,9477,1569666,3820725,1023531,1589574,3788224,1134995,8334,1397487,2215412,1209418,1388716,2157384,1204621
220,8758,1459349,3790516,1027315,1460308,3737373,1160420,8501,1413899,2249712,1202804,1419895,2195199,1218016
221,8251,1381274,3781141,1028822,1369271,3733396,1149033,8398,1399708,2296035,1187258,1399908,2183391,1184636
222,8139,1356418,3741506,1024125,1356747,3686673,1133136,8314,1386177,2329725,1188913,1385214,2257089,1197344
223,9537,1552787,3722126,1006490,1626218,3676383,1128433,8337,1385069,2267382,1191862,1394241,2213867,1192825
224,8435,1412853,3713678,1015109,1398947,3669798,1138333,8697,1450866,2239263,1161111,1448166,2197329,1146422
225,8086,1345947,3702556,1006673,1349501,3658959,1124421,8277,1383963,2176165,1216705,1375099,2122634,1198257
226,8812,1611979,3692086,1005867,1325669,3639131,1122119,8051,1339705,2234936,1195524,1344075,2205311,1169283
227,8288,1373085,3705338,992567,1389655,3652368,1131896,8321,1390434,2292944,1179865,1383550,2266051,1192021
228,8033,1338935,3679280,964121,1338818,3641323,1125630,8218,1370311,2221534,1180091,1369187,2177831,1165745
229,8991,1474718,3687833,971781,1522365,3644309,1129750,8203,1365218,2159562,1194126,1369312,2141852,1192815
230,8078,1346571,3688057,985519,1346202,3638547,1119065,8144,1348775,2154516,1204326,1354417,2119709,1210837
231,7948,1326126,3678696,993992,1323394,3641584,1135295,8309,1381055,2149134,1195282,1388675,2096880,1193280
232,8678,1443111,3728115,980144,1449686,3655494,1126492,7837,1303151,2270214,1168097,1309447,2196995,1176228
233,8164,1357799,3705752,977836,1363587,3654942,1121177,8378,1397017,2158507,1198563,1395845,2118970,1200095
234,7923,1320817,3681671,1010301,1320513,3637183,1123484,8114,1357964,2171253,1201828,1346834,2162791,1191629
235,8543,1413670,3664102,969442,1434011,3632392,1122843,8528,1413595,2226765,1191683,1429385,2146663,1201184
236,8086,1342818,3692508,1000299,1352733,3640235,1127618,8220,1369753,2285342,1146141,1370307,2236315,1165738
237,7896,1313996,3663984,997492,1318260,3622517,1123714,7939,1323766,2314798,1173043,1322881,2252682,1173501
238,8275,1370612,3681992,985263,1387882,3656671,1119427,8149,1362201,2259851,1187849,1354279,2201368,1167646
239,8060,1343462,3706129,986791,1343282,3663280,1122844,8240,1373135,2269967,1190893,1373700,2167005,1197436
240,9011,1478103,3668629,1006975,1525818,3637707,1118864,8329,1376297,2343982,1179929,1400170,2271830,1184349
241,8091,1349237,3688590,989387,1347898,3648635,1116778,7961,1324646,2250678,1167403,1329266,2154994,1162343
242,7930,1323730,3694103,971043,1319666,3646095,1112796,8456,1401469,2184938,1181900,1417294,2155367,1185684
243,8656,1439657,3664878,994483,1445746,3630483,1120831,8097,1348044,2201311,1169291,1351006,2190118,1174767
244,8123,1353891,3683072,995186,1353922,3615137,1133305,8590,1427136,2205843,1199747,1436519,2140156,1200029
245,7903,1318532,3688788,1009610,1316115,3644076,1123542,7806,1307714,2168928,1162969,1294587,2143265,1170064
246,8523,1420565,3676866,996596,1420490,3653336,1105867,8278,1378258,2099002,1185341,1381394,2086733,1186563
247,8077,1345095,3715591,988774,1347421,3661598,1132568,8113,1357677,2270371,1188499,1346850,2160445,1193545
248,7886,1314702,3666284,1008584,1314281,3638044,1107247,7980,1333454,2214726,1192566,1326716,2162911,1160148
249,8193,1364630,3660252,1012383,1366645,3615022,1122487,8452,1416550,2244496,1201287,1400909,2155080,1184333
250,8052,1341961,3665336,1015541,1342200,3630509,1124793,8021,1336651,2182824,1200548,1337311,2154431,1212213
251,9012,1479693,3676004,997156,1524631,3645544,1137975,8460,1404787,2200130,1186718,1415430,2087797,1198318
252,8065,1342060,3648065,1005666,1346591,3630648,1116996,8189,1361812,2278350,1157475,1367876,2249985,1168787
253,7864,1310625,3684455,1002702,1310829,3621831,1128309,8047,1344158,2232293,1181912,1338367,2145151,1186428
254,8486,1414151,3670184,993584,1414603,3640387,1122541,8083,1340555,2205951,1192319,1354064,2156088,1184261
255,8046,1342339,3646534,984689,1339664,3622366,1122484,8001,1331289,2273302,1169374,1335909,2242698,1176253
